151, 281
32, 101
371, 321
233, 91
352, 42
211, 332
150, 322
90, 42
291, 32
81, 222
241, 211
282, 212
111, 101
312, 91
171, 152
372, 142
102, 281
303, 271
162, 332
41, 271
160, 222
41, 42
201, 31
242, 32
32, 222
192, 211
393, 201
30, 112
250, 152
241, 332
62, 101
263, 91
53, 281
180, 322
120, 42
111, 222
312, 212
201, 152
132, 281
192, 332
333, 271
13, 101
71, 271
71, 42
272, 32
2, 171
62, 222
92, 101
83, 281
11, 112
2, 292
92, 222
113, 281
290, 62
311, 121
302, 301
302, 72
181, 11
360, 242
392, 231
381, 301
381, 72
193, 21
320, 62
110, 252
311, 242
181, 132
341, 121
131, 311
332, 301
332, 72
390, 242
211, 11
271, 62
1, 201
202, 191
91, 131
292, 121
283, 301
223, 21
350, 62
140, 252
162, 11
341, 242
10, 142
211, 132
371, 121
1, 322
161, 311
202, 312
362, 301
362, 72
293, 201
100, 72
241, 11
301, 62
31, 201
232, 191
91, 252
292, 242
80, 322
121, 131
162, 132
322, 121
112, 311
313, 301
253, 21
170, 252
32, 22
192, 11
371, 242
183, 191
40, 142
241, 132
31, 322
191, 311
53, 81
232, 312
172, 32
130, 72
61, 201
262, 191
121, 252
322, 242
132, 81
192, 132
142, 311
343, 301
21, 21
62, 22
12, 201
213, 191
70, 142
61, 322
83, 81
262, 312
21, 142
12, 322
92, 22
42, 201
113, 81
361, 331
42, 322
231, 221
321, 151
370, 272
392, 31
240, 162
231, 342
391, 331
331, 51
110, 52
330, 92
261, 221
321, 272
252, 172
131, 111
310, 342
351, 151
122, 291
122, 62
342, 331
273, 231
221, 41
212, 221
331, 172
143, 121
270, 162
261, 342
352, 231
140, 52
131, 232
291, 221
351, 272
222, 121
282, 172
340, 342
20, 172
161, 111
221, 162
152, 291
212, 342
293, 1
372, 331
152, 62
31, 1
91, 52
251, 41
41, 231
242, 221
173, 121
300, 162
112, 111
291, 342
103, 291
222, 242
170, 52
43, 11
161, 232
312, 172
243, 301
191, 111
50, 172
251, 162
182, 291
242, 342
182, 62
61, 1
121, 52
71, 231
112, 232
272, 221
203, 121
142, 111
133, 291
73, 11
12, 1
191, 232
3, 181
11, 301
272, 342
142, 232
12, 122
163, 291
42, 1
33, 181
42, 122
360, 202
373, 141
63, 181
380, 302
181, 321
181, 92
382, 82
321, 72
51, 211
271, 251
390, 202
193, 331
141, 141
260, 92
342, 131
72, 41
273, 31
190, 262
281, 151
60, 152
280, 192
51, 332
211, 321
151, 41
352, 31
211, 92
202, 272
150, 82
351, 72
81, 211
141, 262
301, 251
72, 162
223, 331
171, 141
372, 131
162, 321
102, 41
363, 311
303, 31
281, 272
93, 221
220, 262
41, 31
32, 211
151, 162
352, 152
90, 152
81, 332
241, 321
222, 42
241, 92
172, 221
232, 272
180, 82
111, 211
171, 262
372, 252
243, 101
102, 162
41, 152
201, 141
32, 332
192, 321
132, 41
393, 311
333, 31
123, 221
71, 31
250, 262
62, 211
172, 342
120, 152
111, 332
262, 272
0, 272
201, 262
13, 211
132, 162
11, 101
71, 152
21, 331
62, 332
2, 52
153, 221
92, 211
23, 111
92, 332
302, 61
360, 2
381, 61
380, 102
110, 12
311, 2
302, 182
310, 302
392, 341
332, 61
392, 112
122, 251
323, 241
271, 51
390, 2
381, 182
193, 131
283, 61
200, 292
140, 12
341, 2
131, 192
332, 182
271, 172
1, 311
1, 82
340, 302
202, 72
362, 61
353, 241
301, 51
91, 241
210, 192
292, 231
292, 2
22, 141
223, 131
80, 82
281, 72
93, 21
313, 61
10, 252
230, 292
371, 2
101, 141
161, 192
362, 182
293, 311
100, 182
301, 172
31, 311
172, 21
31, 82
232, 72
22, 262
383, 241
121, 241
322, 231
322, 2
52, 141
253, 131
43, 321
101, 262
123, 21
343, 61
40, 252
172, 142
191, 192
130, 182
61, 311
61, 82
262, 72
52, 262
0, 72
82, 141
73, 321
21, 131
12, 311
12, 82
153, 21
70, 252
82, 262
21, 252
361, 91
42, 311
370, 32
361, 212
231, 102
391, 91
382, 271
321, 261
321, 32
51, 171
252, 161
310, 102
122, 51
323, 41
342, 91
331, 161
391, 212
330, 202
60, 112
261, 102
51, 292
252, 282
200, 92
351, 261
351, 32
122, 172
282, 161
342, 212
273, 341
221, 151
340, 102
212, 331
331, 282
152, 51
353, 41
212, 102
372, 91
143, 231
363, 271
352, 341
233, 161
90, 112
291, 102
222, 231
81, 292
282, 282
222, 2
230, 92
103, 51
20, 282
152, 172
312, 161
372, 212
303, 341
251, 151
243, 61
41, 341
160, 292
22, 62
242, 331
182, 51
242, 102
383, 41
173, 231
393, 271
30, 182
43, 121
263, 161
101, 62
111, 292
312, 282
133, 51
50, 282
251, 272
182, 172
333, 341
71, 341
11, 61
272, 331
52, 62
272, 102
2, 241
203, 231
73, 121
163, 51
11, 182
82, 62
290, 132
361, 12
311, 191
181, 81
360, 312
382, 71
373, 251
271, 11
320, 132
311, 312
190, 22
391, 12
181, 202
341, 191
382, 192
51, 92
211, 81
390, 312
271, 132
1, 271
202, 261
141, 251
260, 202
141, 22
301, 11
342, 12
72, 151
292, 191
350, 132
281, 261
162, 81
341, 312
363, 71
280, 302
220, 22
151, 151
10, 212
211, 202
371, 191
150, 192
81, 92
241, 81
301, 132
72, 272
232, 261
292, 312
171, 251
171, 22
372, 12
102, 151
303, 141
162, 202
322, 191
93, 331
160, 92
151, 272
32, 92
371, 312
192, 81
393, 71
183, 261
250, 22
40, 212
241, 202
172, 331
53, 151
172, 102
180, 192
111, 92
102, 272
262, 261
322, 312
201, 251
201, 22
132, 151
192, 202
333, 141
123, 331
2, 41
62, 92
213, 261
70, 212
83, 151
13, 321
132, 272
2, 162
153, 331
92, 92
23, 221
113, 151
231, 291
302, 171
370, 342
392, 101
323, 1
381, 171
240, 232
110, 122
311, 112
261, 291
302, 292
200, 52
131, 181
332, 171
392, 222
1, 71
202, 61
221, 111
212, 291
353, 1
270, 232
91, 1
283, 171
140, 122
341, 112
131, 302
291, 291
332, 292
10, 12
230, 52
1, 192
161, 181
362, 171
221, 232
293, 71
210, 302
31, 71
232, 61
251, 111
292, 112
22, 251
91, 122
242, 291
383, 1
80, 192
121, 1
162, 2
300, 232
112, 181
313, 171
170, 122
371, 112
101, 251
161, 302
101, 22
183, 61
362, 292
40, 12
31, 192
191, 181
251, 232
61, 71
262, 61
121, 122
322, 112
52, 251
253, 241
112, 302
272, 291
192, 2
142, 181
343, 171
12, 71
191, 302
213, 61
3, 251
130, 292
70, 12
61, 192
82, 251
142, 302
21, 12
12, 192
42, 71
33, 251
361, 201
42, 192
231, 91
321, 21
63, 251
370, 142
361, 322
240, 32
231, 212
391, 201
382, 152
261, 91
321, 142
51, 281
252, 271
252, 42
351, 21
141, 211
342, 201
273, 101
190, 332
212, 91
391, 322
331, 42
270, 32
60, 222
261, 212
352, 101
150, 152
291, 91
351, 142
81, 281
282, 271
141, 332
342, 322
282, 42
20, 42
221, 32
171, 211
212, 212
372, 201
303, 101
220, 332
41, 101
242, 91
32, 281
233, 271
352, 222
300, 32
90, 222
291, 212
103, 161
222, 112
180, 152
111, 281
312, 271
171, 332
372, 322
312, 42
243, 171
50, 42
251, 32
182, 161
201, 211
242, 212
41, 222
333, 101
30, 292
71, 101
112, 102
272, 91
250, 332
62, 281
263, 271
120, 222
133, 161
3, 51
201, 332
13, 281
11, 171
71, 222
272, 212
142, 102
92, 281
163, 161
11, 292
33, 51
360, 72
373, 11
63, 51
290, 242
381, 131
380, 172
311, 301
302, 252
181, 191
271, 121
390, 72
202, 21
381, 252
193, 201
141, 11
320, 242
190, 132
181, 312
341, 301
281, 21
332, 252
280, 62
211, 191
271, 242
202, 142
81, 81
141, 132
301, 121
91, 311
72, 32
292, 301
232, 21
223, 201
350, 242
171, 11
162, 191
281, 142
93, 91
220, 132
10, 322
211, 312
151, 32
32, 81
352, 22
371, 301
362, 252
100, 252
241, 191
301, 242
172, 91
232, 142
111, 81
171, 132
121, 311
162, 312
102, 32
322, 301
262, 21
41, 22
201, 11
253, 201
32, 202
192, 191
123, 91
250, 132
40, 322
62, 81
241, 312
53, 261
172, 212
120, 22
130, 252
262, 142
0, 142
201, 132
132, 261
13, 81
192, 312
132, 32
71, 22
21, 201
62, 202
153, 91
70, 322
92, 81
83, 261
21, 322
92, 202
113, 261
231, 172
321, 331
302, 52
310, 172
392, 211
122, 121
323, 111
240, 342
381, 52
331, 231
193, 1
110, 232
330, 272
261, 172
200, 162
131, 291
131, 62
392, 332
351, 331
332, 52
122, 242
221, 221
340, 172
152, 121
353, 111
143, 301
91, 111
210, 62
270, 342
22, 11
223, 1
140, 232
222, 301
230, 162
161, 291
101, 11
221, 342
161, 62
362, 52
293, 181
100, 52
152, 242
31, 181
91, 232
251, 221
22, 132
182, 121
383, 111
173, 301
121, 111
300, 342
112, 291
52, 11
253, 1
43, 191
170, 232
101, 132
191, 291
251, 342
191, 62
182, 242
130, 52
3, 11
61, 181
121, 232
52, 132
203, 301
142, 291
82, 11
73, 191
21, 1
12, 181
33, 11
82, 132
21, 122
12, 302
42, 181
63, 11
361, 82
42, 302
382, 141
373, 321
321, 131
51, 41
252, 31
331, 31
391, 82
181, 272
382, 262
330, 72
321, 252
51, 162
252, 152
351, 131
141, 321
260, 272
122, 42
282, 31
342, 311
81, 41
72, 221
342, 82
273, 211
331, 152
281, 331
143, 101
363, 141
60, 332
151, 221
352, 211
211, 272
233, 31
150, 262
351, 252
222, 101
81, 162
282, 152
72, 342
20, 152
171, 321
111, 41
152, 42
372, 311
312, 31
372, 82
102, 221
303, 211
41, 211
160, 162
151, 342
173, 101
352, 332
32, 162
393, 141
90, 332
30, 52
222, 222
263, 31
180, 262
111, 162
312, 152
243, 281
102, 342
50, 152
41, 332
201, 321
182, 42
132, 221
333, 211
71, 211
2, 111
203, 101
120, 332
132, 342
11, 281
71, 332
11, 52
2, 232
23, 291
290, 2
311, 61
302, 241
360, 182
373, 121
392, 171
381, 241
380, 282
320, 2
110, 192
311, 182
181, 72
341, 61
332, 241
392, 292
271, 231
390, 182
271, 2
1, 141
202, 131
193, 311
260, 72
72, 21
292, 61
283, 241
350, 2
281, 131
341, 182
280, 172
151, 21
10, 82
211, 72
371, 61
1, 262
202, 252
362, 241
301, 231
301, 2
31, 141
72, 142
232, 131
292, 182
22, 321
223, 311
80, 262
281, 252
102, 21
162, 72
322, 61
93, 201
313, 241
151, 142
371, 182
101, 321
183, 131
40, 82
241, 72
172, 201
31, 262
53, 21
232, 252
61, 141
102, 142
262, 131
322, 182
52, 321
253, 311
132, 21
192, 72
123, 201
343, 241
172, 322
213, 131
70, 82
61, 262
83, 21
262, 252
0, 252
132, 142
82, 321
21, 311
2, 32
12, 262
153, 201
23, 91
113, 21
361, 271
231, 161
302, 41
321, 91
370, 212
240, 102
231, 282
391, 271
330, 32
261, 161
321, 212
252, 341
131, 51
310, 282
332, 41
392, 92
122, 231
323, 221
342, 271
331, 341
212, 161
270, 102
60, 292
261, 282
283, 41
200, 272
131, 172
291, 161
351, 212
282, 341
221, 331
1, 62
340, 282
362, 41
161, 51
221, 102
152, 231
353, 221
212, 282
372, 271
210, 172
22, 121
242, 161
80, 62
233, 341
300, 102
90, 292
291, 282
112, 51
313, 41
103, 231
222, 182
230, 272
101, 121
161, 172
312, 341
31, 62
251, 331
191, 51
251, 102
243, 241
22, 242
182, 231
242, 282
383, 221
52, 121
112, 172
272, 161
43, 301
263, 341
101, 242
142, 51
343, 41
133, 231
191, 172
3, 121
61, 62
11, 241
52, 242
272, 282
82, 121
142, 172
73, 301
12, 62
163, 231
33, 121
82, 242
361, 71
42, 62
373, 81
63, 121
290, 312
370, 12
361, 192
391, 71
181, 261
382, 251
382, 22
321, 12
51, 151
252, 141
271, 191
320, 312
141, 81
342, 71
190, 202
391, 192
60, 92
280, 132
51, 272
211, 261
271, 312
150, 22
351, 12
81, 151
282, 141
141, 202
342, 192
72, 331
171, 81
212, 82
372, 71
350, 312
162, 261
363, 251
220, 202
151, 331
32, 151
151, 102
233, 141
352, 92
90, 92
291, 82
81, 272
241, 261
103, 31
301, 312
180, 22
111, 151
312, 141
171, 202
372, 192
102, 331
303, 321
243, 41
160, 272
41, 92
201, 81
242, 82
32, 272
192, 261
393, 251
30, 162
250, 202
62, 151
263, 141
53, 331
172, 282
120, 92
111, 272
133, 31
201, 202
132, 331
333, 321
13, 151
11, 41
71, 92
272, 82
2, 221
62, 272
92, 151
83, 331
163, 31
11, 162
2, 342
92, 272
113, 331
302, 1
290, 112
381, 1
380, 42
311, 171
302, 122
181, 61
392, 281
332, 1
323, 181
381, 122
193, 71
320, 112
110, 302
311, 292
190, 2
341, 171
200, 232
332, 122
211, 61
271, 112
1, 251
202, 241
221, 291
202, 12
362, 1
141, 2
353, 181
91, 181
292, 171
223, 71
350, 112
140, 302
80, 22
341, 292
162, 61
281, 12
220, 2
10, 192
371, 171
230, 232
362, 122
293, 251
100, 122
241, 61
301, 112
31, 251
232, 241
251, 291
292, 292
232, 12
91, 302
171, 2
383, 181
121, 181
162, 182
322, 171
253, 71
170, 302
192, 61
371, 292
101, 202
183, 241
250, 2
40, 192
241, 182
53, 131
172, 82
130, 122
61, 251
262, 241
121, 302
322, 292
262, 12
0, 12
201, 2
192, 182
21, 71
62, 72
12, 251
213, 241
70, 192
83, 131
21, 192
92, 72
42, 251
113, 131
231, 271
231, 42
321, 201
252, 101
370, 322
310, 42
240, 212
331, 101
382, 332
330, 142
261, 271
321, 322
261, 42
252, 222
200, 32
131, 161
351, 201
122, 112
282, 101
273, 281
221, 91
340, 42
212, 271
331, 222
143, 171
270, 212
352, 281
150, 332
291, 271
351, 322
291, 42
222, 171
282, 222
230, 32
161, 161
20, 222
221, 212
152, 341
293, 51
312, 101
152, 112
91, 102
251, 91
303, 281
41, 281
22, 2
242, 271
173, 171
300, 212
30, 122
112, 161
103, 341
43, 61
170, 102
222, 292
101, 2
180, 332
312, 222
191, 161
50, 222
251, 212
182, 341
182, 112
121, 102
333, 281
71, 281
112, 282
272, 271
52, 2
203, 171
142, 161
133, 341
73, 61
12, 51
3, 231
142, 282
82, 2
163, 341
42, 51
33, 231
42, 172
181, 21
360, 252
382, 11
373, 191
63, 231
381, 311
181, 142
382, 132
51, 261
51, 32
211, 21
252, 22
390, 252
271, 301
202, 201
351, 1
141, 191
260, 142
72, 91
273, 81
190, 312
331, 22
281, 201
363, 11
280, 242
151, 91
352, 81
211, 142
202, 322
150, 132
81, 261
141, 312
301, 301
241, 21
282, 22
81, 32
72, 212
20, 22
232, 201
171, 191
102, 91
281, 322
303, 81
93, 271
41, 81
160, 32
220, 312
32, 261
151, 212
352, 202
32, 32
393, 11
241, 142
172, 271
232, 322
180, 132
53, 91
111, 261
171, 312
111, 32
312, 22
102, 212
50, 22
262, 201
41, 202
201, 191
132, 91
333, 81
123, 271
71, 81
250, 312
62, 261
62, 32
120, 202
262, 322
83, 91
0, 322
201, 312
13, 261
132, 212
71, 202
2, 102
153, 271
92, 261
92, 32
23, 161
113, 91
302, 111
360, 52
392, 41
381, 111
380, 152
110, 62
311, 52
302, 232
131, 121
332, 111
392, 162
122, 301
323, 291
390, 52
1, 11
381, 232
202, 1
193, 181
283, 111
200, 342
281, 1
140, 62
341, 52
131, 242
332, 232
1, 132
161, 121
202, 122
362, 111
152, 301
353, 291
301, 101
293, 11
91, 291
31, 11
72, 12
210, 242
232, 1
292, 52
22, 191
223, 181
80, 132
281, 122
93, 71
313, 111
230, 342
170, 62
371, 52
101, 191
161, 242
183, 1
362, 232
100, 232
172, 71
191, 121
232, 122
31, 132
22, 312
182, 301
383, 291
121, 291
61, 11
102, 12
262, 1
322, 52
52, 191
253, 181
101, 312
123, 71
343, 111
12, 11
191, 242
213, 1
3, 191
130, 232
61, 132
262, 122
52, 312
0, 122
132, 12
82, 191
21, 181
12, 132
153, 71
42, 11
33, 191
82, 312
21, 302
361, 141
42, 132
231, 31
63, 191
370, 82
361, 262
231, 152
391, 141
382, 321
321, 311
261, 31
321, 82
51, 221
252, 211
310, 152
122, 101
342, 141
331, 211
212, 31
391, 262
330, 252
60, 162
261, 152
51, 342
252, 332
351, 311
131, 42
291, 31
351, 82
81, 221
122, 222
282, 211
342, 262
340, 152
331, 332
152, 101
212, 152
372, 141
143, 281
210, 42
363, 321
242, 31
233, 211
352, 162
90, 162
291, 152
81, 342
222, 281
103, 101
222, 52
282, 332
20, 332
161, 42
111, 221
152, 222
312, 211
372, 262
243, 111
160, 342
22, 112
182, 101
242, 152
173, 281
32, 342
393, 321
30, 232
112, 42
272, 31
43, 171
263, 211
120, 162
111, 342
133, 101
312, 332
50, 332
191, 42
182, 222
11, 111
52, 112
272, 152
2, 291
203, 281
142, 42
73, 171
163, 101
11, 232
82, 112
290, 182
361, 62
380, 112
311, 241
181, 131
382, 121
373, 301
51, 21
271, 61
320, 182
190, 72
391, 62
181, 252
341, 241
280, 2
51, 142
211, 131
271, 182
1, 321
202, 311
81, 21
260, 252
141, 72
301, 61
342, 62
72, 201
292, 241
350, 182
281, 311
162, 131
363, 121
220, 72
151, 201
10, 262
211, 252
371, 241
233, 11
32, 21
81, 142
241, 131
301, 182
31, 321
72, 322
232, 311
172, 31
111, 21
171, 72
372, 62
102, 201
162, 252
322, 241
160, 142
151, 322
32, 142
192, 131
393, 121
183, 311
250, 72
40, 262
241, 252
62, 21
263, 11
53, 201
172, 152
111, 142
61, 321
102, 322
262, 311
201, 72
132, 201
13, 21
192, 252
2, 91
62, 142
213, 311
70, 262
92, 21
83, 201
132, 322
11, 32
2, 212
92, 142
23, 271
113, 201
231, 341
311, 41
302, 221
321, 271
392, 151
323, 51
240, 282
110, 172
311, 162
330, 212
261, 341
341, 41
200, 102
131, 231
332, 221
392, 272
1, 121
221, 161
212, 341
353, 51
270, 282
91, 51
292, 41
283, 221
140, 172
341, 162
291, 341
10, 62
371, 41
230, 102
1, 242
161, 231
221, 282
362, 221
293, 121
31, 121
91, 172
251, 161
292, 162
22, 301
22, 72
242, 341
383, 51
80, 242
121, 51
162, 52
322, 41
300, 282
112, 231
313, 221
170, 172
371, 162
101, 301
101, 72
183, 111
40, 62
31, 242
191, 231
251, 282
61, 121
121, 172
322, 162
52, 301
272, 341
52, 72
192, 52
142, 231
343, 221
12, 121
213, 111
3, 301
70, 62
61, 242
82, 301
21, 62
12, 242
42, 121
33, 301
361, 251
361, 22
42, 242
231, 141
382, 81
373, 261
63, 301
321, 71
370, 192
240, 82
391, 251
391, 22
382, 202
330, 12
261, 141
321, 192
51, 331
252, 321
252, 92
351, 71
141, 261
342, 251
273, 151
212, 141
331, 92
143, 41
270, 82
60, 272
280, 312
352, 151
150, 202
291, 141
351, 192
81, 331
282, 321
222, 41
282, 92
20, 92
221, 82
171, 261
212, 262
372, 251
303, 151
41, 151
242, 141
32, 331
151, 282
233, 321
173, 41
300, 82
352, 272
90, 272
112, 31
291, 262
103, 211
222, 162
180, 202
111, 331
312, 321
312, 92
243, 221
50, 92
251, 82
41, 272
201, 261
242, 262
333, 151
30, 342
71, 151
112, 152
272, 141
62, 331
263, 321
203, 41
120, 272
142, 31
133, 211
13, 331
11, 221
71, 272
272, 262
2, 172
142, 152
92, 331
163, 211
11, 342
311, 1
302, 181
360, 122
373, 61
290, 292
381, 181
380, 222
311, 122
302, 302
181, 241
181, 12
382, 2
332, 181
271, 171
390, 122
202, 71
381, 302
193, 251
141, 61
260, 12
320, 292
190, 182
281, 71
341, 122
332, 302
280, 112
211, 241
271, 292
211, 12
202, 192
362, 181
150, 2
141, 182
301, 171
72, 82
232, 71
223, 251
171, 61
350, 292
80, 202
162, 241
281, 192
162, 12
93, 141
220, 182
32, 131
151, 82
371, 122
183, 71
362, 302
241, 241
100, 302
301, 292
241, 12
172, 141
232, 192
180, 2
171, 182
102, 82
262, 71
253, 251
41, 72
201, 61
192, 241
192, 12
123, 141
250, 182
62, 131
53, 311
172, 262
213, 71
130, 302
262, 192
0, 192
201, 182
13, 131
132, 82
71, 72
21, 251
62, 252
153, 141
92, 131
83, 311
23, 31
92, 252
231, 101
113, 311
240, 42
231, 222
261, 101
302, 102
252, 281
310, 222
392, 32
122, 171
323, 161
381, 102
331, 281
193, 51
330, 322
270, 42
261, 222
200, 212
131, 341
131, 112
291, 101
332, 102
122, 292
282, 281
1, 2
340, 222
221, 271
152, 171
353, 161
91, 161
210, 112
22, 61
223, 51
140, 282
80, 2
300, 42
291, 222
103, 171
230, 212
161, 341
101, 61
161, 112
362, 102
293, 231
312, 281
100, 102
152, 292
91, 282
31, 2
251, 271
22, 182
182, 171
383, 161
121, 161
30, 302
112, 341
52, 61
253, 51
112, 112
43, 241
170, 282
101, 182
133, 171
191, 341
191, 112
3, 61
182, 292
130, 102
121, 282
61, 2
52, 182
142, 341
82, 61
142, 112
73, 241
21, 51
12, 231
12, 2
163, 171
33, 61
82, 182
21, 172
361, 11
42, 231
42, 2
63, 61
361, 132
231, 22
391, 11
181, 201
382, 191
51, 91
252, 81
310, 22
342, 11
190, 142
331, 81
391, 132
181, 322
382, 312
60, 32
261, 22
51, 212
211, 201
252, 202
351, 181
260, 322
122, 92
282, 81
81, 91
342, 132
72, 271
273, 261
340, 22
331, 202
212, 22
372, 11
143, 151
363, 191
220, 142
151, 271
32, 91
211, 322
233, 81
352, 32
352, 261
150, 312
90, 32
291, 22
81, 212
241, 201
282, 202
222, 151
20, 202
111, 91
152, 92
312, 81
372, 132
102, 271
303, 261
41, 261
160, 212
41, 32
242, 22
173, 151
32, 212
393, 191
30, 102
250, 142
43, 41
62, 91
241, 322
263, 81
53, 271
180, 312
120, 32
111, 212
312, 202
50, 202
182, 92
132, 271
333, 261
71, 261
71, 32
272, 22
2, 161
203, 151
62, 212
73, 41
83, 271
11, 102
2, 282
92, 212
23, 341
113, 271
290, 52
311, 111
302, 291
181, 1
360, 232
392, 221
381, 291
380, 332
320, 52
110, 242
311, 232
181, 122
341, 111
131, 301
332, 291
392, 342
51, 12
390, 232
211, 1
271, 52
1, 191
202, 181
260, 122
72, 71
292, 111
283, 291
350, 52
140, 242
281, 181
341, 232
162, 1
10, 132
151, 71
211, 122
371, 111
1, 312
161, 301
202, 302
362, 291
293, 191
81, 12
301, 281
301, 52
31, 191
72, 192
232, 181
241, 1
292, 232
80, 312
281, 302
102, 71
162, 122
322, 111
93, 251
160, 12
313, 291
170, 242
32, 12
192, 1
371, 232
183, 181
40, 132
241, 122
31, 312
191, 301
53, 71
172, 22
172, 251
232, 302
111, 12
61, 191
102, 192
262, 181
322, 232
132, 71
192, 122
123, 251
343, 291
62, 12
12, 191
213, 181
70, 132
61, 312
83, 71
262, 302
0, 302
132, 192
21, 132
12, 312
153, 251
92, 12
23, 141
42, 191
113, 71
361, 321
42, 312
231, 211
321, 141
370, 262
392, 21
240, 152
231, 332
391, 321
110, 42
330, 82
261, 211
321, 262
131, 101
310, 332
351, 141
392, 142
122, 281
342, 321
122, 52
221, 31
212, 211
270, 152
60, 342
261, 332
283, 91
140, 42
131, 222
291, 211
351, 262
222, 111
1, 112
340, 332
161, 101
221, 152
152, 281
212, 332
372, 321
210, 222
91, 42
251, 31
292, 32
22, 171
242, 211
352, 342
300, 152
90, 342
291, 332
112, 101
313, 91
103, 281
43, 1
222, 232
170, 42
101, 171
161, 222
31, 112
243, 291
191, 101
251, 152
22, 292
182, 281
242, 332
121, 42
322, 32
52, 171
112, 222
272, 211
120, 342
142, 101
343, 91
133, 281
73, 1
191, 222
3, 171
61, 112
11, 291
52, 292
272, 332
82, 171
142, 222
12, 112
163, 281
33, 171
82, 292
361, 121
42, 112
373, 131
63, 171
370, 62
361, 242
380, 292
391, 121
181, 311
382, 301
382, 72
321, 62
51, 201
271, 241
141, 131
342, 121
273, 21
190, 252
391, 242
212, 11
60, 142
280, 182
51, 322
211, 311
151, 31
352, 21
150, 72
351, 62
81, 201
141, 252
301, 241
342, 242
72, 152
171, 131
212, 132
372, 121
162, 311
363, 301
303, 21
41, 21
220, 252
242, 11
32, 201
151, 152
233, 191
352, 142
90, 142
81, 322
241, 311
222, 32
172, 211
180, 72
111, 201
171, 252
372, 242
243, 91
160, 322
41, 142
201, 131
242, 132
32, 322
192, 311
393, 301
333, 21
71, 21
250, 252
272, 11
62, 201
263, 191
172, 332
120, 142
111, 322
201, 252
13, 201
11, 91
71, 142
272, 132
2, 271
62, 322
2, 42
92, 201
23, 101
11, 212
92, 322
302, 51
290, 162
381, 51
380, 92
311, 221
302, 172
392, 331
332, 51
323, 231
271, 41
381, 172
193, 121
320, 162
311, 342
341, 221
200, 282
332, 172
271, 162
1, 301
221, 341
202, 62
362, 51
141, 52
301, 41
353, 231
91, 231
292, 221
223, 121
350, 162
80, 72
341, 342
281, 62
162, 111
93, 11
10, 242
371, 221
230, 282
101, 131
362, 172
293, 301
100, 172
301, 162
31, 301
251, 341
292, 342
172, 11
232, 62
22, 252
171, 52
383, 231
121, 231
162, 232
322, 221
253, 121
371, 342
192, 111
101, 252
183, 291
123, 11
40, 242
172, 132
130, 172
61, 301
322, 342
262, 62
52, 252
0, 62
201, 52
13, 1
192, 232
21, 121
12, 301
213, 291
153, 11
70, 242
21, 242
361, 81
42, 301
370, 22
361, 202
231, 321
231, 92
382, 261
321, 251
252, 151
310, 92
122, 41
323, 31
240, 262
331, 151
391, 202
330, 192
261, 321
261, 92
252, 272
200, 82
351, 251
122, 162
282, 151
273, 331
221, 141
340, 92
212, 321
152, 41
331, 272
353, 31
212, 92
143, 221
91, 31
270, 262
352, 331
233, 151
291, 321
291, 92
222, 221
103, 41
282, 272
230, 82
20, 272
221, 262
152, 162
312, 151
91, 152
251, 141
303, 331
41, 331
22, 52
182, 41
242, 321
242, 92
383, 31
173, 221
121, 31
300, 262
30, 172
112, 211
43, 111
222, 342
101, 52
133, 41
312, 272
50, 272
251, 262
182, 162
121, 152
333, 331
71, 331
112, 332
272, 321
52, 52
272, 92
203, 221
142, 211
73, 111
163, 41
142, 332
82, 52
290, 122
361, 2
311, 181
181, 71
360, 302
382, 61
373, 241
320, 122
311, 302
190, 12
391, 2
181, 192
382, 182
51, 82
211, 71
390, 302
252, 72
202, 251
141, 241
260, 192
141, 12
342, 2
72, 141
273, 131
331, 72
350, 122
281, 251
143, 21
341, 302
363, 61
280, 292
220, 12
151, 141
211, 192
352, 131
150, 182
81, 82
241, 71
282, 72
72, 262
232, 251
20, 72
171, 241
171, 12
372, 2
102, 141
303, 131
162, 192
93, 321
41, 131
160, 82
32, 311
151, 262
173, 21
371, 302
32, 82
393, 61
183, 251
250, 12
241, 192
172, 321
53, 141
180, 182
111, 82
312, 72
102, 262
262, 251
50, 72
41, 252
201, 241
201, 12
132, 141
192, 192
333, 131
123, 321
71, 131
62, 311
2, 31
203, 21
62, 82
213, 251
83, 141
13, 311
132, 262
71, 252
2, 152
153, 321
92, 311
92, 82
23, 211
113, 141
231, 281
302, 161
360, 102
392, 91
240, 222
381, 161
110, 112
311, 102
261, 281
302, 282
131, 171
332, 161
392, 212
323, 341
390, 102
1, 61
381, 282
202, 51
193, 231
270, 222
283, 161
140, 112
281, 51
341, 102
131, 292
291, 281
332, 282
10, 2
1, 182
161, 171
202, 172
362, 161
353, 341
293, 61
91, 341
31, 61
210, 292
91, 112
232, 51
292, 102
22, 241
223, 231
80, 182
281, 172
300, 222
93, 121
112, 171
313, 161
170, 112
371, 102
101, 241
161, 292
183, 51
362, 282
100, 282
40, 2
31, 182
191, 171
232, 172
383, 341
121, 341
61, 61
102, 62
121, 112
262, 51
322, 102
52, 241
253, 231
112, 292
123, 121
343, 161
12, 61
191, 292
213, 51
3, 241
130, 282
70, 2
61, 182
262, 172
0, 172
132, 62
82, 241
142, 292
21, 231
21, 2
12, 182
153, 121
42, 61
33, 241
361, 191
42, 182
231, 81
321, 11
63, 241
370, 132
361, 312
240, 22
231, 202
391, 191
261, 81
321, 132
51, 271
252, 261
310, 202
351, 11
392, 12
122, 151
342, 191
190, 322
331, 261
391, 312
212, 81
331, 32
270, 22
60, 212
261, 202
352, 91
131, 92
291, 81
351, 132
81, 271
122, 272
282, 261
342, 312
20, 32
340, 202
221, 22
152, 151
212, 202
372, 191
143, 331
210, 92
22, 41
220, 322
242, 81
32, 271
233, 261
352, 212
300, 22
90, 212
291, 202
222, 331
103, 151
222, 102
161, 92
111, 271
152, 272
312, 261
372, 312
243, 161
50, 32
251, 22
41, 212
182, 151
242, 202
173, 331
30, 282
52, 41
250, 322
112, 92
272, 81
43, 221
62, 271
263, 261
120, 212
133, 151
191, 92
3, 41
182, 272
11, 161
71, 212
272, 202
2, 341
203, 331
82, 41
142, 92
73, 221
163, 151
11, 282
33, 41
82, 162
373, 1
63, 41
290, 232
380, 162
311, 291
181, 181
51, 71
271, 111
141, 1
320, 232
190, 122
181, 302
341, 291
281, 11
60, 12
280, 52
51, 192
211, 181
271, 232
81, 71
260, 302
141, 122
301, 111
342, 112
72, 251
292, 291
72, 22
171, 1
350, 232
162, 181
281, 132
363, 171
93, 81
220, 122
10, 312
151, 251
211, 302
151, 22
32, 71
352, 12
371, 291
90, 12
81, 192
241, 181
301, 232
172, 81
111, 71
171, 122
372, 112
102, 251
162, 302
322, 291
102, 22
160, 192
41, 12
201, 1
32, 192
192, 181
393, 171
123, 81
250, 122
40, 312
62, 71
241, 302
263, 61
53, 251
172, 202
120, 12
111, 192
0, 132
201, 122
132, 251
13, 71
192, 302
132, 22
71, 12
2, 141
62, 192
153, 81
70, 312
92, 71
83, 251
11, 82
21, 312
92, 192
23, 321
113, 251
321, 321
302, 42
392, 201
323, 101
240, 332
381, 42
110, 222
330, 262
341, 91
200, 152
131, 281
351, 321
392, 322
332, 42
271, 32
1, 171
221, 211
353, 101
91, 101
210, 52
270, 332
292, 91
22, 1
283, 271
140, 222
222, 291
10, 112
371, 91
230, 152
1, 292
161, 281
101, 1
221, 332
362, 42
293, 171
100, 42
301, 32
31, 171
91, 222
251, 211
292, 212
22, 122
383, 101
121, 101
300, 332
322, 91
112, 281
52, 1
313, 271
43, 181
170, 222
101, 122
40, 112
31, 292
191, 281
251, 332
172, 2
130, 42
61, 171
121, 222
322, 212
52, 122
142, 281
82, 1
343, 271
73, 181
12, 171
70, 112
61, 292
82, 122
21, 112
12, 292
42, 171
361, 301
361, 72
42, 292
382, 131
373, 311
321, 121
252, 21
370, 242
391, 301
331, 21
391, 72
382, 252
330, 62
321, 242
252, 142
351, 121
141, 311
122, 32
342, 301
282, 21
342, 72
273, 201
221, 11
212, 191
331, 142
143, 91
60, 322
151, 211
352, 201
233, 21
150, 252
351, 242
222, 91
282, 142
72, 332
20, 142
221, 132
171, 311
212, 312
152, 32
312, 21
372, 301
303, 201
251, 11
41, 201
160, 152
242, 191
151, 332
173, 91
352, 322
90, 322
30, 42
222, 212
263, 21
180, 252
312, 142
243, 271
50, 142
251, 132
41, 322
201, 311
242, 312
182, 32
333, 201
71, 201
272, 191
2, 101
203, 91
120, 322
142, 81
11, 271
71, 322
11, 42
272, 312
2, 222
23, 281
311, 51
302, 231
360, 172
373, 111
290, 342
381, 231
380, 272
311, 172
181, 62
341, 51
382, 52
332, 231
271, 221
390, 172
202, 121
193, 301
141, 111
260, 62
320, 342
72, 11
273, 1
281, 121
341, 172
280, 162
151, 11
271, 342
211, 62
371, 51
202, 242
362, 231
150, 52
141, 232
301, 221
72, 132
232, 121
292, 172
223, 301
171, 111
350, 342
80, 252
162, 291
281, 242
102, 11
303, 1
162, 62
93, 191
41, 1
151, 132
371, 172
101, 311
183, 121
301, 342
241, 62
172, 191
53, 11
180, 52
232, 242
171, 232
102, 132
262, 121
322, 172
253, 301
201, 111
192, 291
132, 11
192, 62
333, 1
123, 191
71, 1
172, 312
213, 121
83, 11
262, 242
0, 242
201, 232
13, 181
132, 132
21, 301
2, 22
153, 191
92, 181
23, 81
113, 11
231, 151
302, 31
370, 202
240, 92
381, 31
231, 272
261, 151
302, 152
252, 331
310, 272
131, 41
332, 31
392, 82
122, 221
323, 211
381, 152
331, 331
193, 101
270, 92
261, 272
283, 31
200, 262
131, 162
291, 151
332, 152
122, 342
282, 331
221, 321
161, 41
202, 42
340, 272
1, 52
221, 92
152, 221
362, 31
353, 211
212, 272
91, 211
210, 162
22, 111
223, 101
80, 52
233, 331
300, 92
112, 41
291, 272
313, 31
103, 221
230, 262
101, 111
161, 162
362, 152
152, 342
312, 331
100, 152
91, 332
251, 321
31, 52
191, 41
232, 42
22, 232
182, 221
242, 272
383, 211
121, 211
52, 111
112, 162
253, 101
43, 291
101, 232
142, 41
343, 31
133, 221
191, 162
3, 111
130, 152
182, 342
121, 332
61, 52
262, 42
52, 232
272, 272
82, 111
142, 162
73, 291
21, 101
12, 52
163, 221
33, 111
82, 232
361, 61
42, 52
63, 111
290, 302
370, 2
361, 182
231, 72
391, 61
181, 251
382, 241
321, 2
51, 141
252, 131
310, 72
122, 21
320, 302
342, 61
190, 192
331, 131
391, 182
60, 82
261, 72
51, 262
211, 251
252, 252
351, 2
81, 141
122, 142
141, 192
282, 131
342, 182
72, 321
273, 311
340, 72
152, 21
350, 302
212, 72
372, 61
331, 252
143, 201
363, 241
220, 192
151, 321
32, 141
352, 311
233, 131
352, 82
90, 82
291, 72
81, 262
241, 251
103, 21
282, 252
20, 252
111, 141
152, 142
171, 192
312, 131
372, 182
102, 321
303, 311
243, 31
41, 311
160, 262
41, 82
182, 21
242, 72
32, 262
173, 201
393, 241
30, 152
250, 192
62, 141
263, 131
53, 321
120, 82
111, 262
133, 21
312, 252
50, 252
182, 142
201, 192
132, 321
333, 311
71, 311
11, 31
71, 82
272, 72
2, 211
62, 262
203, 201
92, 141
83, 321
163, 21
11, 152
2, 332
92, 262
113, 321
290, 102
380, 32
311, 161
302, 341
181, 51
360, 282
392, 271
381, 341
381, 112
193, 61
320, 102
110, 292
311, 282
181, 172
341, 161
332, 341
51, 62
211, 51
390, 282
271, 102
1, 241
202, 231
202, 2
260, 172
72, 121
292, 161
283, 341
223, 61
350, 102
140, 292
281, 231
162, 51
341, 282
281, 2
363, 41
10, 182
211, 172
371, 161
362, 341
81, 62
100, 112
293, 241
301, 102
31, 241
241, 51
91, 292
232, 231
292, 282
232, 2
102, 121
162, 172
322, 161
93, 301
313, 341
253, 61
170, 292
32, 62
192, 51
371, 282
393, 41
183, 231
40, 182
241, 172
53, 121
172, 72
111, 62
61, 241
102, 242
121, 292
262, 231
322, 282
262, 2
0, 2
132, 121
192, 172
123, 301
343, 341
21, 61
62, 62
12, 241
213, 231
70, 182
83, 121
132, 242
21, 182
153, 301
92, 62
42, 241
113, 121
231, 261
321, 191
370, 312
310, 32
392, 71
240, 202
331, 91
110, 92
330, 132
261, 261
321, 312
200, 22
131, 151
351, 191
392, 192
122, 331
122, 102
1, 41
221, 81
340, 32
212, 261
331, 212
143, 161
270, 202
283, 141
352, 271
140, 92
131, 272
291, 261
351, 312
222, 161
230, 22
1, 162
161, 151
20, 212
221, 202
152, 331
293, 41
152, 102
31, 41
210, 272
91, 92
251, 81
22, 221
242, 261
173, 161
300, 202
112, 151
313, 141
103, 331
222, 282
43, 51
170, 92
161, 272
31, 162
50, 212
243, 341
251, 202
191, 151
182, 331
182, 102
61, 41
121, 92
52, 221
112, 272
272, 261
203, 161
142, 151
343, 141
133, 331
73, 51
12, 41
191, 272
3, 221
61, 162
11, 341
82, 221
142, 272
12, 162
163, 331
42, 41
33, 221
82, 342
42, 162
382, 1
373, 181
63, 221
380, 342
391, 171
382, 122
321, 112
51, 251
271, 291
51, 22
252, 12
141, 181
260, 132
342, 171
72, 81
273, 71
190, 302
212, 61
331, 12
281, 191
363, 1
60, 192
280, 232
151, 81
352, 71
150, 122
351, 112
81, 251
141, 302
81, 22
342, 292
301, 291
282, 12
72, 202
20, 12
171, 181
372, 171
102, 81
281, 312
303, 71
93, 261
41, 71
160, 22
242, 61
220, 302
32, 251
151, 202
352, 192
393, 1
90, 192
222, 82
172, 261
180, 122
111, 251
171, 302
111, 22
372, 292
312, 12
243, 141
102, 202
50, 12
251, 2
41, 192
201, 181
333, 71
123, 261
71, 71
250, 302
272, 61
62, 251
263, 241
120, 192
0, 312
201, 302
13, 251
132, 202
11, 141
71, 192
2, 321
2, 92
153, 261
92, 251
23, 151
11, 262
302, 101
360, 42
381, 101
380, 142
311, 42
302, 222
332, 101
392, 152
323, 281
271, 91
390, 42
1, 1
381, 222
193, 171
283, 101
341, 271
200, 332
341, 42
332, 222
280, 32
271, 212
1, 122
202, 112
362, 101
353, 281
301, 91
91, 281
210, 232
72, 2
292, 271
292, 42
22, 181
223, 171
80, 122
162, 161
281, 112
93, 61
313, 101
10, 292
371, 271
230, 332
151, 2
371, 42
101, 181
362, 222
100, 222
301, 212
31, 122
172, 61
232, 112
22, 302
383, 281
121, 281
102, 2
322, 271
322, 42
52, 181
253, 171
192, 161
101, 302
123, 61
343, 101
40, 292
172, 182
130, 222
61, 122
262, 112
52, 302
0, 112
13, 51
132, 2
82, 181
21, 171
153, 61
70, 292
82, 302
21, 292
361, 131
231, 21
370, 72
361, 252
231, 142
391, 131
382, 311
321, 301
261, 21
302, 22
252, 201
310, 142
122, 91
323, 81
331, 201
391, 252
212, 21
330, 242
261, 142
252, 322
200, 132
351, 301
131, 32
332, 22
291, 21
122, 212
282, 201
342, 252
221, 191
340, 142
152, 91
331, 322
353, 81
212, 142
143, 271
91, 81
210, 32
242, 21
233, 201
291, 142
222, 271
103, 91
282, 322
230, 132
20, 322
221, 312
161, 32
362, 22
152, 212
312, 201
251, 191
160, 332
22, 102
182, 91
242, 142
383, 81
173, 271
121, 81
30, 222
112, 32
272, 21
43, 161
263, 201
101, 102
133, 91
312, 322
50, 322
251, 312
191, 32
182, 212
130, 22
52, 102
272, 142
2, 281
203, 271
142, 261
142, 32
73, 161
163, 91
11, 222
82, 102
290, 172
361, 52
311, 231
181, 121
382, 111
373, 291
51, 11
252, 1
320, 172
190, 62
391, 52
181, 242
341, 231
382, 232
51, 132
211, 121
252, 122
202, 301
141, 291
81, 11
260, 242
141, 62
282, 1
342, 52
72, 191
273, 181
350, 172
281, 301
162, 121
363, 111
280, 342
220, 62
151, 191
32, 11
211, 242
233, 1
371, 231
150, 232
81, 132
241, 121
282, 122
72, 312
232, 301
171, 291
111, 11
171, 62
312, 1
372, 52
102, 191
303, 181
162, 242
41, 181
160, 132
151, 312
32, 132
192, 121
393, 111
30, 22
183, 301
250, 62
241, 242
62, 11
263, 1
53, 191
180, 232
111, 132
312, 122
102, 312
262, 301
201, 291
201, 62
132, 191
333, 181
13, 11
192, 242
71, 181
2, 81
62, 132
213, 301
92, 11
83, 191
132, 312
11, 22
2, 202
92, 132
23, 261
113, 191
231, 331
311, 31
302, 211
360, 152
392, 141
240, 272
381, 211
110, 162
311, 152
261, 331
302, 332
181, 42
341, 31
131, 221
332, 211
392, 262
390, 152
1, 111
202, 101
381, 332
193, 281
91, 41
270, 272
292, 31
283, 211
140, 162
341, 152
131, 342
291, 331
332, 332
10, 52
211, 42
371, 31
1, 232
161, 221
202, 222
221, 272
362, 211
293, 111
31, 111
210, 342
91, 162
232, 101
292, 152
22, 291
223, 281
80, 232
121, 41
162, 42
300, 272
322, 31
112, 221
313, 211
170, 162
371, 152
101, 291
161, 342
362, 332
183, 101
100, 332
40, 52
241, 42
31, 232
191, 221
232, 222
61, 111
121, 162
262, 101
322, 152
52, 291
112, 342
253, 281
192, 42
142, 221
343, 211
12, 111
191, 342
213, 101
3, 291
130, 332
70, 52
61, 232
262, 222
82, 291
142, 342
21, 281
21, 52
12, 232
42, 111
33, 291
361, 241
42, 232
231, 131
321, 61
63, 291
370, 182
240, 72
231, 252
391, 241
330, 2
261, 131
321, 182
51, 321
252, 311
252, 82
131, 21
310, 252
351, 61
122, 201
342, 241
273, 141
331, 311
212, 131
331, 82
143, 31
270, 72
60, 262
261, 252
352, 141
131, 142
291, 131
351, 182
81, 321
122, 322
282, 311
222, 31
282, 82
161, 21
20, 82
221, 72
340, 252
152, 201
212, 252
372, 241
41, 141
242, 131
32, 321
233, 311
352, 262
173, 31
300, 72
90, 262
291, 252
112, 21
103, 201
222, 152
161, 142
111, 321
152, 322
312, 311
312, 82
243, 211
191, 21
50, 82
251, 72
41, 262
182, 201
242, 252
30, 332
71, 141
112, 142
272, 131
62, 321
263, 311
203, 31
120, 262
142, 21
133, 201
191, 142
182, 322
3, 91
11, 211
71, 262
272, 252
142, 142
92, 321
12, 32
163, 201
11, 332
33, 91
42, 32
360, 112
373, 51
63, 91
290, 282
380, 212
311, 341
181, 231
181, 2
51, 121
271, 161
390, 112
381, 292
193, 241
141, 51
260, 2
342, 41
320, 282
190, 172
341, 341
281, 61
60, 62
280, 102
51, 242
211, 231
271, 282
211, 2
202, 182
81, 121
141, 172
301, 161
72, 301
72, 72
292, 341
223, 241
171, 51
350, 282
372, 41
162, 231
281, 182
363, 221
93, 131
220, 172
32, 121
151, 72
371, 341
352, 62
90, 62
81, 242
241, 231
100, 292
301, 282
241, 2
172, 131
232, 182
111, 121
171, 172
372, 162
102, 301
102, 72
322, 341
243, 11
41, 62
201, 51
32, 242
192, 231
393, 221
123, 131
250, 172
62, 121
53, 301
172, 252
120, 62
111, 242
262, 182
0, 182
201, 172
132, 301
13, 121
132, 72
11, 11
71, 62
21, 241
62, 242
153, 131
92, 121
83, 301
23, 21
92, 242
113, 301
380, 12
302, 92
310, 212
392, 251
392, 22
122, 161
323, 151
381, 92
331, 271
193, 41
110, 272
330, 312
200, 202
131, 331
131, 102
332, 92
122, 282
271, 82
1, 221
221, 261
340, 212
152, 161
353, 151
143, 341
91, 151
210, 102
292, 141
22, 51
283, 321
223, 41
140, 272
222, 341
10, 162
230, 202
1, 342
161, 331
101, 51
161, 102
362, 92
152, 282
293, 221
100, 92
301, 82
31, 221
91, 272
251, 261
22, 172
383, 151
173, 341
121, 151
322, 141
112, 331
52, 51
313, 321
253, 41
43, 231
170, 272
101, 172
40, 162
31, 342
191, 331
172, 52
191, 102
182, 282
130, 92
61, 221
121, 272
52, 172
203, 341
142, 331
82, 51
343, 321
73, 231
21, 41
12, 221
70, 162
61, 342
82, 172
21, 162
12, 342
361, 1
42, 221
361, 122
42, 342
231, 12
391, 1
382, 181
321, 171
51, 81
252, 71
310, 12
342, 1
331, 71
391, 122
382, 302
330, 112
60, 22
321, 292
261, 12
51, 202
252, 192
200, 2
351, 171
260, 312
122, 82
282, 71
342, 122
72, 261
273, 251
221, 61
340, 12
212, 241
331, 192
212, 12
372, 1
143, 141
363, 181
151, 261
352, 251
233, 71
150, 302
90, 22
351, 292
291, 12
81, 202
222, 141
282, 192
230, 2
20, 192
152, 82
312, 71
372, 122
102, 261
303, 251
251, 61
41, 251
160, 202
242, 241
242, 12
173, 141
393, 181
30, 92
222, 262
43, 31
263, 71
180, 302
111, 202
312, 192
243, 321
50, 192
251, 182
182, 82
333, 251
71, 251
272, 241
272, 12
2, 151
203, 141
73, 31
11, 321
11, 92
2, 272
23, 331
290, 42
311, 101
302, 281
360, 222
373, 161
381, 281
380, 322
320, 42
311, 222
181, 112
341, 101
382, 102
332, 281
271, 271
51, 2
390, 222
271, 42
1, 181
202, 171
141, 161
260, 112
72, 61
292, 101
283, 281
350, 42
281, 171
341, 222
280, 212
10, 122
151, 61
211, 112
371, 101
1, 302
202, 292
362, 281
150, 102
301, 271
81, 2
301, 42
72, 182
232, 171
292, 222
171, 161
80, 302
162, 341
102, 61
281, 292
162, 112
303, 51
322, 101
93, 241
160, 2
313, 281
151, 182
32, 2
371, 222
183, 171
40, 122
241, 112
31, 302
172, 241
53, 61
232, 292
172, 12
180, 102
111, 2
102, 182
262, 171
322, 222
201, 161
192, 341
132, 61
192, 112
333, 51
123, 241
343, 281
62, 2
213, 171
70, 122
61, 302
83, 61
262, 292
0, 292
13, 231
132, 182
2, 72
153, 241
92, 2
23, 131
113, 61
361, 311
231, 201
302, 81
370, 252
392, 11
240, 142
381, 81
231, 322
391, 311
110, 32
311, 22
261, 201
302, 202
131, 91
310, 322
332, 81
392, 132
122, 271
323, 261
221, 21
212, 201
270, 142
261, 322
283, 81
200, 312
140, 32
341, 22
131, 212
291, 201
332, 202
1, 102
161, 91
340, 322
221, 142
362, 81
152, 271
212, 322
353, 261
91, 261
210, 212
91, 32
251, 21
292, 22
22, 161
242, 201
80, 102
300, 142
291, 322
112, 91
313, 81
103, 271
230, 312
170, 32
371, 22
101, 161
161, 212
362, 202
31, 102
191, 91
251, 142
22, 282
182, 271
242, 322
383, 261
121, 261
121, 32
322, 22
52, 161
112, 212
272, 201
43, 341
101, 282
142, 91
343, 81
133, 271
191, 212
3, 161
130, 202
61, 102
52, 282
272, 322
82, 161
142, 212
73, 341
12, 102
163, 271
33, 161
82, 282
361, 111
42, 102
231, 1
63, 161
370, 52
361, 232
231, 122
391, 111
181, 301
382, 291
382, 62
261, 1
321, 52
51, 191
252, 181
141, 121
342, 111
273, 11
190, 242
212, 1
391, 232
60, 132
261, 122
51, 312
211, 301
252, 302
352, 11
291, 1
150, 62
351, 52
81, 191
141, 242
282, 181
342, 232
171, 121
212, 122
372, 111
162, 301
363, 291
303, 11
41, 11
220, 242
242, 1
32, 191
233, 181
352, 132
90, 132
291, 122
81, 312
241, 301
282, 302
222, 22
103, 71
180, 62
111, 191
171, 242
312, 181
372, 232
243, 81
160, 312
41, 132
182, 71
201, 121
242, 122
32, 312
192, 301
393, 291
333, 11
30, 202
71, 11
112, 12
250, 242
272, 1
62, 191
263, 181
120, 132
111, 312
312, 302
133, 71
201, 242
13, 191
11, 81
71, 132
272, 122
2, 261
62, 312
142, 12
92, 191
163, 71
11, 202
92, 312
290, 152
381, 41
380, 82
311, 211
302, 162
360, 332
181, 101
392, 321
271, 31
381, 162
193, 111
320, 152
110, 342
311, 332
190, 42
181, 222
341, 211
332, 162
211, 101
390, 332
271, 152
1, 291
202, 281
202, 52
141, 42
301, 31
91, 221
292, 211
223, 111
350, 152
140, 342
162, 101
281, 52
341, 332
93, 1
220, 42
10, 232
211, 222
371, 211
362, 162
293, 291
241, 101
100, 162
301, 152
31, 291
91, 342
232, 281
292, 332
232, 52
172, 1
171, 42
121, 221
162, 222
322, 211
253, 111
170, 342
32, 112
371, 332
192, 101
183, 281
123, 1
250, 42
40, 232
241, 222
53, 171
172, 122
130, 162
61, 291
121, 342
262, 281
322, 332
262, 52
0, 52
201, 42
132, 171
192, 222
21, 111
62, 112
12, 291
213, 281
153, 1
70, 232
83, 171
21, 232
92, 112
42, 291
113, 171
231, 311
231, 82
321, 241
310, 82
392, 121
122, 31
323, 21
240, 252
331, 141
110, 142
330, 182
261, 311
261, 82
252, 262
200, 72
131, 201
351, 241
122, 152
273, 321
221, 131
340, 82
212, 311
152, 31
331, 262
353, 21
143, 211
270, 252
91, 21
140, 142
352, 321
131, 322
291, 311
222, 211
282, 262
230, 72
20, 262
161, 201
221, 252
152, 152
293, 91
31, 91
91, 142
251, 131
41, 321
22, 42
182, 31
242, 311
383, 21
173, 211
300, 252
121, 21
112, 201
222, 332
170, 142
43, 101
161, 322
101, 42
312, 262
191, 201
50, 262
251, 252
182, 152
61, 91
121, 142
71, 321
112, 322
272, 311
52, 42
203, 211
142, 201
73, 101
12, 91
191, 322
3, 271
142, 322
82, 42
21, 32
12, 212
42, 91
33, 271
42, 212
360, 292
382, 51
373, 231
63, 271
321, 41
181, 182
382, 172
321, 162
51, 301
271, 341
51, 72
252, 62
390, 292
351, 41
141, 231
260, 182
342, 221
72, 131
273, 121
331, 62
281, 241
143, 11
363, 51
60, 242
280, 282
151, 131
211, 182
352, 121
150, 172
351, 162
81, 301
81, 72
222, 11
282, 62
301, 341
72, 252
20, 62
171, 231
372, 221
102, 131
303, 121
93, 311
41, 121
160, 72
32, 301
151, 252
352, 242
32, 72
173, 11
393, 51
90, 242
222, 132
172, 311
180, 172
111, 301
111, 72
372, 342
312, 62
102, 252
243, 191
50, 62
41, 242
201, 231
132, 131
333, 121
123, 311
71, 121
62, 301
2, 21
203, 11
120, 242
13, 301
132, 252
11, 191
71, 242
2, 142
153, 311
92, 301
23, 201
302, 151
360, 92
373, 31
392, 81
381, 151
380, 192
110, 102
311, 92
302, 272
332, 151
392, 202
122, 341
323, 331
271, 141
390, 92
1, 51
202, 41
381, 272
193, 221
283, 151
281, 41
140, 102
341, 92
131, 282
332, 272
280, 82
271, 262
1, 172
202, 162
362, 151
353, 331
301, 141
91, 331
31, 51
292, 321
72, 52
210, 282
292, 92
22, 231
232, 41
223, 221
80, 172
281, 162
93, 111
313, 151
10, 342
151, 52
371, 92
101, 231
161, 282
362, 272
183, 41
100, 272
301, 262
31, 172
172, 111
232, 162
383, 331
121, 331
61, 51
102, 52
322, 321
262, 41
322, 92
52, 231
253, 221
123, 111
343, 151
40, 342
172, 232
191, 282
213, 41
130, 272
61, 172
262, 162
0, 162
132, 52
82, 231
21, 221
12, 172
153, 111
70, 342
23, 1
21, 342
361, 181
231, 71
321, 1
370, 122
361, 302
240, 12
231, 192
391, 181
261, 71
321, 122
252, 251
310, 192
392, 2
122, 141
323, 131
342, 181
331, 251
212, 71
391, 302
330, 292
270, 12
60, 202
261, 192
200, 182
131, 82
291, 71
351, 122
122, 262
282, 251
342, 302
221, 241
340, 192
221, 12
152, 141
212, 192
372, 181
353, 131
143, 321
210, 82
22, 31
242, 71
233, 251
300, 12
90, 202
291, 192
222, 321
103, 141
222, 92
230, 182
101, 31
161, 82
152, 262
312, 251
372, 302
243, 151
251, 241
251, 12
22, 152
182, 141
242, 192
383, 131
173, 321
30, 272
52, 31
112, 82
272, 71
43, 211
263, 251
101, 152
133, 141
191, 82
182, 262
3, 31
11, 151
52, 152
272, 192
2, 331
203, 321
82, 31
142, 82
73, 211
163, 141
11, 272
33, 31
82, 152
63, 31
290, 222
361, 102
311, 281
181, 171
382, 161
373, 341
51, 61
252, 51
271, 101
320, 222
190, 112
391, 102
181, 292
341, 281
382, 282
60, 2
280, 42
51, 182
211, 171
271, 222
141, 341
81, 61
260, 292
141, 112
282, 51
342, 102
72, 241
292, 281
350, 222
162, 171
363, 161
220, 112
10, 302
151, 241
32, 61
211, 292
151, 12
352, 2
233, 51
371, 281
150, 282
90, 2
81, 182
241, 171
301, 222
171, 341
111, 61
171, 112
312, 51
372, 102
102, 241
162, 292
303, 231
322, 281
160, 182
41, 2
32, 182
192, 171
393, 161
30, 72
250, 112
40, 302
62, 61
241, 292
263, 51
53, 241
172, 192
120, 2
180, 282
111, 182
201, 341
201, 112
132, 241
13, 61
192, 292
333, 231
71, 2
2, 131
62, 182
70, 302
92, 61
83, 241
11, 72
2, 252
92, 182
23, 311
113, 241
290, 22
311, 81
302, 261
302, 32
392, 191
323, 91
240, 322
381, 261
381, 32
320, 22
110, 212
311, 202
200, 142
341, 81
131, 271
332, 261
392, 312
332, 32
271, 22
1, 161
202, 151
221, 201
353, 91
91, 91
270, 322
292, 81
283, 261
350, 22
140, 212
341, 202
10, 102
371, 81
230, 142
1, 282
161, 271
221, 322
362, 261
362, 32
293, 161
100, 32
301, 22
31, 161
91, 212
232, 151
292, 202
22, 341
251, 201
383, 91
80, 282
121, 91
162, 92
300, 322
322, 81
112, 271
313, 261
170, 212
371, 202
101, 341
101, 112
183, 151
40, 102
31, 282
191, 271
53, 41
251, 322
130, 32
61, 161
121, 212
262, 151
322, 202
52, 341
253, 331
192, 92
142, 271
343, 261
12, 161
213, 151
3, 341
70, 102
61, 282
83, 41
82, 341
21, 102
12, 282
42, 161
33, 341
113, 41
361, 291
42, 282
231, 181
321, 111
63, 341
252, 11
370, 232
240, 122
231, 302
391, 291
331, 11
382, 242
330, 52
261, 181
321, 232
252, 132
131, 71
351, 111
141, 301
122, 22
342, 291
282, 11
273, 191
221, 1
212, 181
331, 132
143, 81
270, 122
60, 312
261, 302
352, 191
291, 181
150, 242
351, 232
222, 81
282, 132
20, 132
161, 71
221, 122
152, 251
171, 301
212, 302
152, 22
312, 11
372, 291
91, 12
251, 1
303, 191
41, 191
242, 181
173, 81
300, 122
352, 312
90, 312
30, 32
291, 302
112, 71
103, 251
222, 202
170, 12
180, 242
312, 132
243, 261
191, 71
50, 132
251, 122
41, 312
182, 251
242, 302
201, 301
182, 22
121, 12
333, 191
71, 191
112, 192
272, 181
203, 81
120, 312
142, 71
133, 251
3, 141
11, 261
71, 312
272, 302
142, 192
163, 251
33, 141
42, 82
360, 162
373, 101
63, 141
290, 332
381, 221
380, 262
302, 342
181, 281
181, 52
382, 42
271, 211
390, 162
202, 111
381, 342
193, 291
320, 332
141, 101
260, 52
72, 1
190, 222
281, 111
332, 342
280, 152
211, 281
151, 1
271, 332
211, 52
202, 232
150, 42
81, 171
141, 222
301, 211
72, 122
232, 111
223, 291
171, 101
350, 332
162, 281
281, 232
102, 1
93, 181
220, 222
32, 171
151, 122
352, 112
362, 342
241, 281
100, 342
301, 332
241, 52
172, 181
53, 1
232, 232
180, 42
111, 171
171, 222
102, 122
262, 111
41, 112
201, 101
253, 291
32, 292
192, 281
132, 1
123, 181
250, 222
62, 171
172, 302
120, 112
130, 342
83, 1
262, 232
0, 232
201, 222
13, 171
132, 122
71, 112
21, 291
62, 292
2, 12
153, 181
92, 171
23, 71
113, 1
92, 292
302, 21
381, 21
231, 262
380, 62
302, 142
131, 31
392, 301
332, 21
310, 262
392, 72
122, 211
323, 201
381, 142
331, 321
193, 91
110, 322
261, 262
283, 21
200, 252
131, 152
332, 142
122, 332
221, 311
161, 31
202, 32
340, 262
1, 42
362, 21
152, 211
353, 201
91, 201
210, 152
22, 101
223, 91
140, 322
80, 42
281, 32
313, 21
230, 252
101, 101
161, 152
362, 142
152, 332
100, 142
293, 271
31, 271
91, 322
31, 42
251, 311
232, 32
191, 31
22, 222
182, 211
383, 201
121, 201
52, 101
253, 91
43, 281
170, 322
101, 222
343, 21
191, 152
3, 101
182, 332
130, 142
61, 271
121, 322
61, 42
262, 32
52, 222
0, 32
82, 101
73, 281
21, 91
12, 271
12, 42
33, 101
82, 222
21, 212
361, 51
42, 271
42, 42
63, 101
361, 172
231, 62
391, 51
382, 231
321, 221
51, 131
252, 121
310, 62
122, 11
342, 51
331, 121
391, 172
330, 162
60, 72
321, 342
261, 62
51, 252
252, 242
351, 221
81, 131
122, 132
282, 121
342, 172
72, 311
273, 301
340, 62
152, 11
331, 242
212, 62
372, 51
143, 191
363, 231
151, 311
352, 301
233, 121
352, 72
90, 72
351, 342
291, 62
81, 252
222, 191
282, 242
103, 11
20, 242
111, 131
152, 132
312, 121
372, 172
102, 311
303, 301
243, 21
41, 301
160, 252
22, 22
182, 11
242, 62
32, 252
173, 191
393, 231
30, 142
43, 81
222, 312
263, 121
120, 72
111, 252
312, 242
133, 11
50, 242
182, 132
132, 311
333, 301
71, 301
11, 21
52, 22
272, 62
2, 201
203, 191
73, 81
163, 11
11, 142
2, 322
82, 22
290, 92
380, 22
311, 151
302, 331
181, 41
360, 272
382, 31
373, 211
392, 261
381, 331
320, 92
110, 282
311, 272
181, 162
341, 151
332, 331
51, 52
211, 41
390, 272
271, 92
1, 231
271, 321
202, 221
260, 162
72, 111
292, 151
283, 331
350, 92
281, 221
162, 41
341, 272
363, 31
280, 262
10, 172
151, 111
211, 162
371, 151
202, 342
362, 331
301, 321
241, 41
81, 52
301, 92
31, 231
72, 232
232, 221
292, 272
102, 111
281, 342
162, 162
322, 151
93, 291
160, 52
313, 331
151, 232
32, 52
371, 272
192, 41
393, 31
183, 221
40, 172
241, 162
172, 291
232, 342
172, 62
53, 111
111, 52
61, 231
102, 232
262, 221
322, 272
132, 111
192, 162
123, 291
343, 331
2, 1
62, 52
213, 221
70, 172
262, 342
83, 111
0, 342
132, 232
2, 122
153, 291
92, 52
23, 181
113, 111
231, 251
302, 131
321, 181
370, 302
392, 61
240, 192
110, 82
311, 72
330, 122
261, 251
321, 302
200, 12
131, 141
332, 131
392, 182
122, 321
323, 311
1, 31
221, 71
212, 251
270, 192
283, 131
140, 82
341, 72
131, 262
291, 251
351, 302
230, 12
1, 152
161, 141
221, 192
362, 131
152, 321
353, 311
293, 31
31, 31
210, 262
91, 82
251, 71
292, 72
22, 211
242, 251
80, 152
300, 192
112, 141
313, 131
103, 321
222, 272
170, 82
371, 72
101, 211
161, 262
183, 21
243, 331
191, 141
31, 152
251, 192
22, 332
182, 321
383, 311
61, 31
121, 82
322, 72
52, 211
112, 262
272, 251
101, 332
142, 141
343, 131
133, 321
191, 262
12, 31
213, 21
3, 211
61, 152
11, 331
52, 332
82, 211
142, 262
12, 152
163, 321
42, 31
33, 211
82, 332
361, 161
42, 152
231, 51
373, 171
63, 211
370, 102
361, 282
391, 161
382, 341
382, 112
261, 51
321, 102
51, 241
252, 231
271, 281
252, 2
141, 171
342, 161
273, 61
190, 292
212, 51
331, 2
391, 282
60, 182
280, 222
352, 61
291, 51
150, 112
351, 102
81, 241
141, 292
282, 231
342, 282
282, 2
20, 2
171, 171
212, 172
372, 161
363, 341
303, 61
41, 61
220, 292
242, 51
32, 241
151, 192
233, 231
352, 182
90, 182
291, 172
103, 121
222, 72
180, 112
111, 241
171, 292
312, 231
372, 282
312, 2
243, 131
50, 2
41, 182
201, 171
242, 172
393, 341
333, 61
30, 252
71, 61
112, 62
250, 292
272, 51
62, 241
263, 231
120, 182
133, 121
201, 292
13, 241
11, 131
71, 182
272, 172
2, 311
2, 82
142, 62
92, 241
163, 121
11, 252
302, 91
360, 32
290, 202
381, 91
380, 132
311, 261
311, 32
302, 212
181, 151
332, 91
323, 271
271, 81
390, 32
381, 212
193, 161
320, 202
190, 92
200, 322
341, 261
341, 32
332, 212
280, 22
211, 151
271, 202
1, 341
202, 331
202, 102
362, 91
353, 271
301, 81
141, 92
91, 271
292, 261
223, 161
350, 202
80, 112
162, 151
281, 102
93, 51
220, 92
10, 282
32, 41
371, 261
230, 322
371, 32
362, 212
293, 341
241, 151
100, 212
301, 202
31, 341
232, 331
172, 51
232, 102
171, 92
383, 271
121, 271
162, 272
322, 261
253, 161
192, 151
101, 292
183, 331
123, 51
250, 92
40, 282
241, 272
62, 41
53, 221
172, 172
130, 212
61, 341
262, 331
262, 102
0, 102
201, 92
13, 41
192, 272
21, 161
62, 162
12, 341
213, 331
153, 51
70, 282
92, 41
83, 221
21, 282
92, 162
42, 341
231, 11
113, 221
231, 132
321, 291
261, 11
302, 12
252, 191
310, 132
122, 81
323, 71
240, 302
381, 12
331, 191
330, 232
261, 132
252, 312
200, 122
131, 251
351, 291
291, 11
332, 12
131, 22
122, 202
282, 191
221, 181
340, 132
152, 81
331, 312
353, 71
143, 261
270, 302
91, 71
210, 22
140, 192
291, 132
222, 261
103, 81
282, 312
230, 122
20, 312
161, 251
221, 302
161, 22
362, 12
152, 202
100, 12
312, 191
293, 141
91, 192
251, 181
22, 92
182, 81
383, 71
173, 261
300, 302
121, 71
30, 212
112, 251
112, 22
43, 151
170, 192
101, 92
133, 81
312, 312
191, 251
50, 312
251, 302
191, 22
182, 202
130, 12
121, 192
52, 92
203, 261
142, 251
142, 22
73, 151
12, 141
3, 321
163, 81
82, 92
21, 82
42, 141
33, 321
361, 42
42, 262
181, 111
360, 342
382, 101
373, 281
63, 321
51, 1
190, 52
391, 42
181, 232
382, 222
51, 122
211, 111
252, 112
390, 342
202, 291
351, 91
141, 281
81, 1
122, 2
260, 232
342, 42
72, 181
273, 171
331, 112
281, 291
143, 61
363, 101
280, 332
220, 52
151, 181
32, 1
211, 232
352, 171
150, 222
81, 122
241, 111
282, 112
222, 61
72, 302
232, 291
20, 112
171, 281
111, 1
152, 2
372, 42
102, 181
303, 171
41, 171
160, 122
151, 302
32, 122
352, 292
173, 61
393, 101
30, 12
250, 52
241, 232
62, 1
53, 181
180, 222
111, 122
312, 112
102, 302
262, 291
50, 112
41, 292
201, 281
182, 2
132, 181
333, 171
71, 171
2, 71
62, 122
203, 61
120, 292
92, 1
83, 181
132, 302
71, 292
11, 12
2, 192
92, 122
23, 251
113, 181
311, 21
302, 201
360, 142
392, 131
381, 201
380, 242
110, 152
311, 142
302, 322
181, 32
341, 21
131, 211
332, 201
392, 252
390, 142
1, 101
202, 91
381, 322
193, 271
260, 32
292, 21
283, 201
281, 91
140, 152
341, 142
131, 332
332, 322
10, 42
211, 32
371, 21
1, 222
161, 211
202, 212
362, 201
293, 101
301, 191
31, 101
72, 102
232, 91
210, 332
292, 142
22, 281
223, 271
80, 222
281, 212
162, 32
322, 21
93, 161
313, 201
170, 152
371, 142
101, 281
161, 332
362, 322
183, 91
100, 322
40, 42
241, 32
31, 222
191, 211
232, 212
172, 161
61, 101
102, 102
262, 91
322, 142
52, 281
253, 271
192, 32
123, 161
343, 201
12, 101
191, 332
213, 91
3, 281
130, 322
70, 42
61, 222
262, 212
0, 212
132, 102
82, 281
21, 271
21, 42
12, 222
153, 161
23, 51
42, 101
33, 281
361, 231
42, 222
231, 121
321, 51
63, 281
370, 172
240, 62
231, 242
391, 231
261, 121
321, 172
51, 311
252, 301
310, 242
131, 11
351, 51
392, 52
122, 191
342, 231
331, 301
212, 121
330, 342
270, 62
60, 252
261, 242
283, 1
131, 132
291, 121
351, 172
81, 311
122, 312
282, 301
222, 21
1, 22
161, 11
340, 242
221, 62
152, 191
212, 242
372, 231
210, 132
22, 81
242, 121
233, 301
352, 252
300, 62
90, 252
291, 242
112, 11
313, 1
103, 191
222, 142
101, 81
161, 132
111, 311
152, 312
312, 301
243, 201
191, 11
31, 22
251, 62
22, 202
182, 191
242, 242
30, 322
52, 81
112, 132
272, 121
43, 261
263, 301
120, 252
142, 11
343, 1
133, 191
191, 132
182, 312
3, 81
61, 22
11, 201
52, 202
272, 242
82, 81
142, 132
73, 261
12, 22
163, 191
11, 322
33, 81
82, 202
361, 31
42, 22
373, 41
63, 81
290, 272
361, 152
380, 202
311, 331
391, 31
181, 221
382, 211
51, 111
271, 151
141, 41
320, 272
342, 31
190, 162
391, 152
181, 342
341, 331
60, 52
280, 92
51, 232
211, 221
271, 272
260, 342
81, 111
141, 162
301, 151
342, 152
72, 291
72, 62
292, 331
171, 41
212, 42
350, 272
372, 31
162, 221
363, 211
220, 162
151, 291
32, 111
371, 331
151, 62
352, 52
211, 342
233, 101
90, 52
81, 232
241, 221
301, 272
172, 121
111, 111
171, 162
372, 152
102, 291
162, 342
322, 331
243, 1
160, 232
41, 52
201, 41
242, 42
32, 232
192, 221
393, 211
250, 162
241, 342
62, 111
263, 101
53, 291
172, 242
120, 52
111, 232
201, 162
132, 291
13, 111
192, 342
11, 1
71, 52
272, 42
2, 181
62, 232
92, 111
83, 291
23, 11
11, 122
2, 302
92, 232
113, 291
290, 72
380, 2
311, 131
302, 311
302, 82
392, 241
323, 141
381, 82
193, 31
320, 72
110, 262
311, 252
330, 302
200, 192
341, 131
131, 321
332, 311
332, 82
271, 72
1, 211
221, 251
353, 141
91, 141
292, 131
283, 311
223, 31
350, 72
140, 262
162, 21
341, 252
10, 152
371, 131
230, 192
1, 332
161, 321
101, 41
362, 311
362, 82
293, 211
100, 82
301, 72
31, 211
91, 262
251, 251
292, 252
22, 162
383, 141
80, 332
121, 141
162, 142
322, 131
112, 321
313, 311
253, 31
170, 262
192, 21
371, 252
101, 162
183, 201
40, 152
31, 332
191, 321
172, 42
130, 82
61, 211
121, 262
322, 252
52, 162
192, 142
142, 321
343, 311
21, 31
12, 211
213, 201
70, 152
61, 332
21, 152
12, 332
42, 211
361, 341
361, 112
42, 332
231, 231
231, 2
382, 171
321, 161
252, 61
370, 282
310, 2
240, 172
391, 341
331, 61
391, 112
382, 292
330, 102
261, 231
321, 282
261, 2
252, 182
351, 161
122, 72
282, 61
342, 341
273, 241
221, 51
340, 2
212, 231
331, 182
212, 2
143, 131
270, 172
352, 241
233, 61
291, 231
150, 292
351, 282
291, 2
222, 131
282, 182
20, 182
221, 172
152, 72
312, 61
372, 341
91, 62
251, 51
303, 241
41, 241
242, 231
242, 2
173, 131
300, 172
30, 82
112, 121
103, 301
222, 252
43, 21
180, 292
312, 182
243, 311
50, 182
251, 172
182, 72
121, 62
333, 241
71, 241
112, 242
272, 231
272, 2
203, 131
142, 121
133, 301
73, 21
11, 311
2, 262
142, 242
163, 301
290, 32
311, 91
302, 271
360, 212
373, 151
381, 271
380, 312
320, 32
311, 212
181, 331
181, 102
382, 92
332, 271
271, 261
390, 212
202, 161
193, 341
141, 151
260, 102
72, 51
273, 41
190, 272
350, 32
281, 161
341, 212
280, 202
211, 331
151, 51
352, 41
211, 102
202, 282
362, 271
150, 92
141, 272
301, 261
72, 172
232, 161
223, 341
171, 151
80, 292
162, 331
102, 51
281, 282
303, 41
162, 102
93, 231
220, 272
41, 41
32, 221
151, 172
371, 212
183, 161
241, 331
241, 102
172, 231
232, 282
53, 51
180, 92
171, 272
102, 172
262, 161
41, 162
201, 151
253, 341
192, 331
132, 51
333, 41
192, 102
123, 231
250, 272
71, 41
62, 221
213, 161
262, 282
83, 51
0, 282
201, 272
13, 221
132, 172
71, 162
21, 341
62, 342
2, 62
153, 231
92, 221
23, 121
113, 51
92, 342
231, 191
302, 71
360, 12
392, 1
240, 132
381, 71
231, 312
110, 22
311, 12
261, 191
302, 192
131, 81
310, 312
332, 71
392, 122
122, 261
323, 251
390, 12
381, 192
193, 141
270, 132
261, 312
283, 71
200, 302
140, 22
341, 12
131, 202
291, 191
332, 192
1, 92
161, 81
202, 82
362, 71
340, 312
152, 261
353, 251
91, 251
210, 202
91, 22
292, 12
22, 151
223, 141
80, 92
281, 82
300, 132
93, 31
112, 81
291, 312
313, 71
103, 261
230, 302
170, 22
371, 12
101, 151
161, 202
362, 192
293, 321
100, 192
31, 92
191, 81
232, 82
22, 272
182, 261
383, 251
121, 251
121, 22
322, 12
52, 151
253, 141
112, 202
43, 331
101, 272
123, 31
343, 71
133, 261
191, 202
3, 151
130, 192
61, 92
262, 82
52, 272
0, 82
82, 151
142, 202
73, 331
21, 141
12, 321
153, 31
12, 92
163, 261
33, 151
82, 272
21, 262
361, 101
42, 321
42, 92
63, 151
370, 42
361, 222
231, 112
391, 101
181, 291
382, 281
321, 42
51, 181
252, 171
310, 112
122, 61
342, 101
190, 232
331, 171
391, 222
60, 122
261, 112
51, 302
211, 291
252, 292
352, 1
131, 2
351, 271
351, 42
81, 181
122, 182
282, 171
342, 222
340, 112
331, 292
152, 61
212, 112
372, 101
143, 241
210, 2
363, 281
220, 232
32, 181
233, 171
352, 122
90, 122
291, 112
81, 302
241, 291
103, 61
282, 292
222, 12
222, 241
20, 292
161, 2
111, 181
152, 182
312, 171
372, 222
243, 71
160, 302
182, 61
41, 122
242, 112
173, 241
32, 302
393, 281
30, 192
250, 232
112, 2
43, 131
62, 181
263, 171
120, 122
111, 302
133, 61
312, 292
50, 292
191, 2
182, 182
11, 71
71, 122
272, 112
2, 251
203, 241
62, 302
142, 2
73, 131
163, 61
11, 192
82, 72
92, 302
290, 142
380, 72
311, 201
360, 322
181, 91
392, 311
271, 21
320, 142
110, 332
311, 322
190, 32
181, 212
341, 201
51, 102
211, 91
390, 322
271, 142
1, 281
202, 271
260, 212
141, 32
301, 21
342, 22
72, 161
292, 201
350, 142
281, 271
140, 332
162, 91
281, 42
363, 81
341, 322
220, 32
10, 222
151, 161
211, 212
371, 201
81, 102
241, 91
293, 281
301, 142
31, 281
72, 282
232, 271
292, 322
171, 32
372, 22
102, 161
162, 212
322, 201
93, 341
160, 102
170, 332
32, 102
371, 322
192, 91
393, 81
183, 271
250, 32
40, 222
241, 212
172, 341
53, 161
172, 112
111, 102
61, 281
102, 282
262, 271
322, 322
0, 42
201, 32
132, 161
192, 212
123, 341
2, 51
62, 102
12, 281
213, 271
70, 222
83, 161
132, 282
21, 222
153, 341
92, 102
23, 231
42, 281
113, 161
231, 301
321, 231
392, 111
323, 11
240, 242
110, 132
330, 172
261, 301
200, 62
341, 1
131, 191
351, 231
392, 232
1, 81
221, 121
212, 301
353, 11
270, 242
91, 11
292, 1
283, 181
140, 132
131, 312
291, 301
10, 22
222, 201
371, 1
230, 62
1, 202
161, 191
221, 242
293, 81
210, 312
31, 81
91, 132
251, 121
292, 122
22, 261
242, 301
22, 32
383, 11
300, 242
121, 11
322, 1
112, 191
313, 181
222, 322
170, 132
43, 91
101, 261
161, 312
101, 32
40, 22
31, 202
191, 191
251, 242
61, 81
121, 132
322, 122
52, 261
112, 312
52, 32
272, 301
142, 191
343, 181
73, 91
12, 81
191, 312
3, 261
70, 22
61, 202
82, 261
142, 312
82, 32
21, 22
12, 202
42, 81
33, 261
361, 211
42, 202
382, 41
373, 221
63, 261
321, 31
370, 152
361, 332
391, 211
382, 162
321, 152
51, 291
271, 331
252, 52
351, 31
141, 221
342, 211
273, 111
190, 342
212, 101
391, 332
331, 52
143, 1
60, 232
280, 272
151, 121
352, 111
150, 162
351, 152
81, 291
141, 342
222, 1
301, 331
282, 52
342, 332
72, 242
20, 52
221, 42
171, 221
212, 222
372, 211
303, 111
220, 342
41, 111
242, 101
160, 62
32, 291
151, 242
233, 281
352, 232
173, 1
90, 232
222, 122
172, 301
180, 162
111, 291
171, 342
372, 332
312, 52
243, 181
50, 52
251, 42
41, 232
201, 221
242, 222
333, 111
250, 342
71, 111
272, 101
62, 291
2, 11
263, 281
203, 1
120, 232
201, 342
13, 291
11, 181
71, 232
272, 222
2, 132
92, 291
23, 191
11, 302
302, 141
360, 82
373, 21
290, 252
381, 141
380, 182
311, 311
311, 82
302, 262
332, 141
323, 321
271, 131
390, 82
202, 31
381, 262
193, 211
320, 252
141, 21
341, 311
281, 31
341, 82
332, 262
280, 72
271, 252
202, 152
362, 141
141, 142
353, 321
301, 131
91, 321
292, 311
232, 31
72, 42
292, 82
223, 211
350, 252
171, 21
80, 162
162, 201
281, 152
93, 101
10, 332
151, 42
371, 311
371, 82
101, 221
362, 262
183, 31
100, 262
301, 252
172, 101
232, 152
22, 342
171, 142
383, 321
121, 321
162, 322
322, 311
102, 42
262, 31
322, 82
253, 211
201, 21
192, 201
101, 342
123, 101
40, 332
172, 222
213, 31
130, 262
262, 152
52, 342
0, 152
201, 142
13, 91
192, 322
132, 42
21, 211
153, 101
70, 332
92, 91
21, 332
361, 171
231, 61
370, 112
361, 292
240, 2
231, 182
321, 341
261, 61
302, 62
252, 241
310, 182
122, 131
323, 121
381, 62
331, 241
193, 11
391, 292
330, 282
270, 2
261, 182
200, 172
131, 72
291, 61
351, 341
332, 62
122, 252
282, 241
221, 231
340, 182
221, 2
152, 131
353, 121
212, 182
143, 311
91, 121
210, 72
22, 21
223, 11
233, 241
300, 2
291, 182
222, 311
103, 131
230, 172
101, 21
161, 72
362, 62
152, 252
100, 62
312, 241
91, 242
251, 231
22, 142
182, 131
242, 182
383, 121
173, 311
121, 121
30, 262
112, 301
52, 21
253, 11
112, 72
43, 201
101, 142
133, 131
191, 72
182, 252
130, 62
3, 21
121, 242
52, 142
272, 182
203, 311
142, 301
82, 21
142, 72
73, 201
21, 11
163, 131
33, 21
82, 142
63, 21
290, 212
361, 92
311, 271
181, 161
382, 151
373, 331
51, 51
252, 41
320, 212
190, 102
331, 41
391, 92
181, 282
382, 272
51, 172
211, 161
252, 162
202, 341
141, 331
81, 51
260, 282
282, 41
141, 102
342, 92
72, 231
273, 221
331, 162
350, 212
281, 341
143, 111
363, 151
220, 102
151, 231
352, 221
32, 51
211, 282
233, 41
150, 272
81, 172
241, 161
282, 162
20, 162
232, 341
171, 331
111, 51
152, 52
312, 41
171, 102
372, 92
102, 231
303, 221
162, 282
41, 221
160, 172
173, 111
32, 172
393, 151
30, 62
183, 341
250, 102
62, 51
241, 282
263, 41
53, 231
180, 272
111, 172
312, 162
50, 162
262, 341
41, 342
201, 331
182, 52
201, 102
132, 231
333, 221
192, 282
71, 221
2, 121
203, 111
62, 172
213, 341
92, 51
83, 231
71, 342
11, 62
2, 242
92, 172
23, 301
113, 231
290, 12
311, 71
302, 251
360, 192
392, 181
240, 312
381, 251
381, 22
320, 12
110, 202
311, 192
181, 82
341, 71
131, 261
332, 251
392, 302
390, 192
271, 12
1, 151
202, 141
193, 321
260, 82
72, 31
270, 312
292, 71
283, 251
350, 12
281, 141
140, 202
341, 192
10, 92
211, 82
371, 71
1, 272
161, 261
202, 262
362, 251
293, 151
100, 22
301, 12
31, 151
232, 141
91, 202
292, 192
22, 331
223, 321
80, 272
102, 31
281, 262
162, 82
300, 312
322, 71
93, 211
112, 261
313, 251
170, 202
371, 192
101, 331
183, 141
40, 92
241, 82
31, 272
191, 261
53, 31
232, 262
61, 151
102, 152
262, 141
121, 202
322, 192
52, 331
253, 321
132, 31
192, 82
123, 211
343, 251
12, 151
213, 141
3, 331
70, 92
61, 272
83, 31
262, 262
0, 262
132, 152
82, 331
21, 321
21, 92
153, 211
12, 272
42, 151
33, 331
113, 31
361, 281
42, 272
231, 171
63, 331
321, 101
370, 222
240, 112
231, 292
391, 281
331, 1
110, 2
330, 42
261, 171
321, 222
131, 61
310, 292
351, 101
392, 102
122, 241
122, 12
342, 281
212, 171
331, 122
143, 71
270, 112
60, 302
261, 292
283, 51
140, 2
352, 181
131, 182
291, 171
351, 222
222, 71
1, 72
340, 292
20, 122
161, 61
221, 112
152, 241
212, 292
152, 12
372, 281
210, 182
91, 2
22, 131
242, 171
352, 302
300, 112
173, 71
90, 302
112, 61
291, 292
313, 51
103, 241
222, 192
170, 2
161, 182
31, 72
191, 61
243, 251
251, 112
50, 122
182, 241
41, 302
242, 292
182, 12
121, 2
52, 131
112, 182
272, 171
43, 311
203, 71
120, 302
142, 61
343, 51
133, 241
191, 182
3, 131
61, 72
11, 251
71, 302
272, 292
82, 131
142, 182
73, 311
12, 72
163, 241
33, 131
82, 252
42, 72
373, 91
63, 131
290, 322
380, 252
391, 81
181, 271
382, 32
321, 22
51, 161
271, 201
320, 322
141, 91
342, 81
260, 42
190, 212
281, 101
60, 102
280, 142
51, 282
211, 271
271, 322
150, 32
351, 22
81, 161
141, 212
301, 201
342, 202
72, 341
72, 112
350, 322
171, 91
372, 81
162, 271
281, 222
363, 261
93, 171
220, 212
151, 341
32, 161
151, 112
352, 102
90, 102
81, 282
241, 271
301, 322
172, 171
180, 32
111, 161
171, 212
372, 202
102, 341
243, 51
102, 112
160, 282
41, 102
201, 91
32, 282
192, 271
393, 261
123, 171
250, 212
62, 161
263, 151
53, 341
172, 292
120, 102
111, 282
0, 222
201, 212
132, 341
13, 161
132, 112
11, 51
71, 102
2, 231
62, 282
2, 2
153, 171
92, 161
83, 341
23, 61
11, 172
92, 282
113, 341
302, 11
381, 11
380, 52
302, 132
392, 291
332, 11
392, 62
323, 191
271, 1
381, 132
193, 81
110, 312
283, 11
200, 242
341, 181
332, 132
271, 122
1, 261
221, 301
1, 32
202, 22
362, 11
353, 191
301, 1
91, 191
210, 142
292, 181
22, 91
223, 81
140, 312
80, 32
162, 71
281, 22
313, 11
10, 202
371, 181
230, 242
101, 91
362, 132
293, 261
100, 132
301, 122
31, 261
91, 312
31, 32
292, 302
232, 22
251, 301
22, 212
383, 191
121, 191
322, 181
52, 91
253, 81
43, 271
170, 312
192, 71
101, 212
343, 11
40, 202
172, 92
130, 132
61, 261
121, 312
61, 32
322, 302
262, 22
52, 212
0, 22
82, 91
73, 271
21, 81
12, 261
70, 202
82, 212
21, 202
361, 41
42, 261
361, 162
231, 52
391, 41
382, 221
321, 211
252, 111
370, 332
310, 52
122, 1
331, 111
391, 162
382, 342
330, 152
321, 332
261, 52
252, 232
200, 42
351, 211
122, 122
282, 111
342, 162
273, 291
221, 101
340, 52
212, 281
152, 1
331, 232
212, 52
143, 181
151, 301
352, 291
233, 111
150, 342
351, 332
291, 52
222, 181
282, 232
230, 42
103, 1
20, 232
221, 222
152, 122
312, 111
303, 291
251, 101
41, 291
160, 242
242, 281
182, 1
22, 12
242, 52
173, 181
30, 132
43, 71
222, 302
263, 111
101, 12
180, 342
312, 232
133, 1
50, 232
251, 222
182, 122
333, 291
71, 291
272, 281
52, 12
272, 52
2, 191
203, 181
142, 171
73, 71
163, 1
11, 132
2, 312
82, 12
290, 82
311, 141
302, 321
181, 31
360, 262
382, 21
373, 201
381, 321
320, 82
311, 262
181, 152
341, 141
382, 142
332, 321
51, 42
211, 31
252, 32
271, 311
390, 262
202, 211
141, 201
260, 152
72, 101
273, 91
350, 82
281, 211
162, 31
341, 262
363, 21
280, 252
151, 101
211, 152
371, 141
202, 332
362, 321
150, 142
141, 322
81, 42
241, 31
282, 32
301, 311
72, 222
232, 211
292, 262
171, 201
80, 342
102, 101
281, 332
303, 91
162, 152
93, 281
41, 91
160, 42
151, 222
32, 42
371, 262
192, 31
393, 21
183, 211
241, 152
172, 281
232, 332
180, 142
53, 101
171, 322
111, 42
312, 32
102, 222
262, 211
322, 262
201, 201
132, 101
333, 91
192, 152
123, 281
71, 91
62, 42
213, 211
262, 332
83, 101
0, 332
201, 322
13, 271
132, 222
2, 112
153, 281
92, 271
92, 42
23, 171
113, 101
231, 241
302, 121
360, 62
370, 292
392, 51
240, 182
381, 121
110, 72
311, 62
261, 241
302, 242
131, 131
332, 121
392, 172
122, 311
323, 301
390, 62
1, 21
202, 11
381, 242
193, 191
270, 182
283, 121
140, 72
341, 62
131, 252
291, 241
332, 242
1, 142
161, 131
202, 132
362, 121
221, 182
152, 311
353, 301
293, 21
91, 301
210, 252
31, 21
232, 11
91, 72
292, 62
22, 201
223, 191
80, 142
300, 182
112, 131
313, 121
103, 311
170, 72
371, 62
101, 201
161, 252
183, 11
362, 242
100, 242
31, 142
191, 131
232, 132
22, 322
182, 311
383, 301
121, 301
61, 21
262, 11
121, 72
322, 62
52, 201
253, 191
112, 252
101, 322
142, 131
343, 121
133, 311
12, 21
191, 252
213, 11
3, 201
130, 242
61, 142
262, 132
52, 322
82, 201
142, 252
21, 191
12, 142
163, 311
42, 21
33, 201
82, 322
361, 151
42, 142
231, 41
63, 201
370, 92
361, 272
231, 162
391, 151
181, 341
382, 331
261, 41
321, 92
51, 231
252, 221
310, 162
122, 111
342, 151
273, 51
190, 282
331, 221
212, 41
391, 272
60, 172
261, 162
211, 341
252, 342
352, 51
131, 52
291, 41
351, 92
81, 231
122, 232
282, 221
141, 282
342, 272
340, 162
152, 111
331, 342
212, 162
372, 151
143, 291
363, 331
220, 282
41, 51
242, 41
32, 231
233, 221
352, 172
90, 172
291, 162
241, 341
103, 111
282, 342
222, 62
20, 342
161, 52
111, 231
152, 232
312, 221
171, 282
372, 272
243, 121
182, 111
41, 172
242, 162
173, 291
393, 331
30, 242
250, 282
71, 51
272, 41
112, 52
62, 231
263, 221
120, 172
133, 111
312, 342
50, 342
191, 52
3, 1
201, 282
182, 232
11, 121
71, 172
272, 162
2, 301
203, 291
142, 52
92, 231
163, 111
11, 242
33, 1
360, 22
63, 1
290, 192
380, 122
311, 251
181, 141
51, 31
271, 71
390, 22
381, 202
193, 151
320, 192
190, 82
181, 262
341, 251
280, 12
51, 152
211, 141
271, 192
1, 331
202, 321
202, 92
260, 262
81, 31
141, 82
301, 71
72, 211
292, 251
223, 151
350, 192
281, 321
162, 141
281, 92
363, 131
93, 41
220, 82
10, 272
32, 31
211, 262
371, 251
81, 152
241, 141
293, 331
301, 192
31, 331
100, 202
232, 321
172, 41
232, 92
111, 31
171, 82
372, 72
102, 211
162, 262
322, 251
253, 151
32, 152
192, 141
393, 131
183, 321
123, 41
250, 82
40, 272
62, 31
241, 262
53, 211
172, 162
111, 152
61, 331
102, 332
262, 321
262, 92
0, 92
201, 82
132, 211
192, 262
13, 31
21, 151
62, 152
12, 331
213, 321
153, 41
70, 272
92, 31
83, 211
132, 332
21, 272
92, 152
42, 331
113, 211
321, 281
302, 2
310, 122
392, 161
122, 71
323, 61
240, 292
381, 2
331, 181
110, 182
330, 222
200, 112
131, 241
351, 281
392, 282
332, 2
131, 12
122, 192
1, 131
221, 171
340, 122
152, 71
331, 302
353, 61
143, 251
270, 292
210, 12
292, 51
91, 61
283, 231
140, 182
222, 251
10, 72
230, 112
1, 252
20, 302
161, 241
221, 292
161, 12
362, 2
293, 131
100, 2
152, 192
31, 131
91, 182
251, 171
22, 311
22, 82
383, 61
173, 251
300, 292
121, 61
322, 51
112, 241
313, 231
43, 141
170, 182
101, 82
40, 72
31, 252
191, 241
50, 302
251, 292
191, 12
182, 192
130, 2
61, 131
121, 182
52, 311
52, 82
203, 251
142, 241
343, 231
73, 141
12, 131
3, 311
70, 72
61, 252
82, 311
82, 82
21, 72
12, 252
42, 131
33, 311
361, 261
361, 32
42, 252
382, 91
373, 271
63, 311
321, 81
391, 261
391, 32
382, 212
330, 22
321, 202
51, 341
51, 112
252, 102
351, 81
141, 271
260, 222
342, 261
342, 32
72, 171
273, 161
212, 151
331, 102
281, 281
143, 51
363, 91
60, 282
280, 322
151, 171
352, 161
150, 212
351, 202
81, 341
222, 51
81, 112
282, 102
72, 292
20, 102
171, 271
372, 261
372, 32
102, 171
303, 161
41, 161
160, 112
242, 151
32, 341
151, 292
173, 51
352, 282
393, 91
90, 282
30, 2
222, 172
180, 212
111, 341
111, 112
312, 102
102, 292
50, 102
243, 231
251, 92
41, 282
201, 271
333, 161
71, 161
272, 151
62, 341
2, 61
263, 331
203, 51
120, 282
13, 341
132, 292
11, 231
71, 282
11, 2
2, 182
92, 341
23, 241
311, 11
302, 191
360, 132
373, 71
381, 191
380, 232
311, 132
302, 312
181, 22
341, 11
382, 12
332, 191
392, 242
271, 181
390, 132
1, 91
202, 81
381, 312
193, 261
141, 71
260, 22
292, 11
283, 191
281, 81
341, 132
332, 312
280, 122
10, 32
271, 302
211, 22
371, 11
1, 212
202, 202
362, 191
150, 12
301, 181
210, 322
72, 92
232, 81
292, 132
22, 271
223, 261
171, 71
80, 212
162, 251
281, 202
162, 22
322, 11
93, 151
313, 191
151, 92
371, 132
101, 271
362, 312
183, 81
100, 312
40, 32
301, 302
241, 22
172, 151
31, 212
232, 202
180, 12
102, 92
262, 81
322, 132
52, 271
253, 261
201, 71
192, 251
192, 22
123, 151
343, 191
172, 272
213, 81
130, 312
70, 32
61, 212
262, 202
0, 202
13, 141
132, 92
82, 271
21, 261
153, 151
23, 41
361, 221
231, 111
370, 162
361, 342
240, 52
231, 232
391, 221
261, 111
302, 112
252, 291
310, 232
131, 1
392, 42
122, 181
323, 171
331, 291
212, 111
391, 342
330, 332
270, 52
261, 232
200, 222
131, 122
291, 111
332, 112
122, 302
282, 291
342, 342
1, 12
340, 232
221, 281
161, 1
221, 52
152, 181
353, 171
212, 232
91, 171
210, 122
22, 71
242, 111
80, 12
233, 291
300, 52
291, 232
112, 1
103, 181
230, 222
101, 71
161, 122
362, 112
152, 302
312, 291
251, 281
191, 1
31, 12
251, 52
22, 192
182, 181
242, 232
383, 171
121, 171
30, 312
52, 71
112, 122
272, 111
43, 251
263, 291
101, 192
142, 1
133, 181
191, 122
182, 302
130, 112
3, 71
61, 12
52, 192
272, 232
82, 71
142, 122
73, 251
12, 12
163, 181
11, 312
33, 71
82, 192
361, 21
42, 12
63, 71
290, 262
361, 142
311, 321
231, 32
391, 21
181, 211
382, 201
51, 101
252, 91
320, 262
141, 31
342, 21
190, 152
391, 142
181, 332
341, 321
382, 322
60, 42
261, 32
51, 222
211, 211
252, 212
260, 332
81, 101
282, 91
141, 152
342, 142
72, 281
273, 271
350, 262
171, 31
372, 21
212, 32
162, 211
363, 201
220, 152
